PerspectiveCameraRotY2=0.000000
PerspectiveCameraLocX0=26.032406
MainSplitterV.SplitRatio=0.800000
GridSize0=10.000000
ViewMode1=3
EditorSplitterH.SplitRatio=0.300000
ViewportSplitterV.SplitRatio=0.500000
CameraSpeedScalar0=1.000000
PerspectiveCameraRotX2=0.000000
CameraSpeedSetting0=1
ShowFlag1=1087
ViewportSplitterH.SplitRatio=0.500000
PerspectiveCameraLocY0=-36.087879
PerspectiveCameraLocZ0=23.067928
CameraSpeedSetting2=1
ShowFlag3=1087
PerspectiveCameraRotX0=0.000000
PerspectiveCameraLocX2=0.000000
PerspectiveCameraRotY0=25.900036
PerspectiveCameraRotZ0=-228.600525
PerspectiveCameraRotX3=0.000000
ShowFlag0=1087
CameraSpeedSetting1=1
ViewMode0=4
ViewportType0=0
CameraSpeedScalar1=1.000000
Zoomed=0
GridSize1=10.000000
PerspectiveCameraRotY3=0.000000
PerspectiveCameraLocX1=0.000000
ScreenHeight=1128
PerspectiveCameraLocY1=0.000000
PerspectiveCameraLocZ1=0.000000
ShowFlag2=1087
CameraSpeedSetting3=1
PerspectiveCameraRotX1=0.000000
PerspectiveCameraLocX3=0.000000
PerspectiveCameraRotY1=0.000000
WindowHeight=1167
PerspectiveCameraRotZ1=0.000000
ViewportType1=3
CameraSpeedScalar2=1.000000
GridSize2=10.000000
PerspectiveCameraLocY2=0.000000
PerspectiveCameraLocZ2=0.000000
PerspectiveCameraRotZ2=0.000000
ScreenWidth=1917
ViewMode2=3
ViewportType2=3
CameraSpeedScalar3=1.000000
GridSize3=10.000000
PerspectiveCameraLocY3=0.000000
PerspectiveCameraLocZ3=0.000000
PerspectiveCameraRotZ3=0.000000
ViewMode3=3
ViewportType3=3
WindowX=0
WindowY=0
WindowWidth=1933
ActiveViewportIndex=0
bMultiView=0
OrthoPivotX=-3.799998
OrthoPivotY=0.000000
OrthoPivotZ=1.850000
OrthoZoomSize=14.000000
